"Repeat" "Naive.Kmeans" "Extrinsic.Kmeans" "A_e" "A_o"
"1" 1 0.611117801031378 1 1 0.870065011871658
"2" 2 0.541673320119579 1 1 0.892814636729903
"3" 3 0.415655724435927 1 1 0.947224712349977
"4" 4 0.636378946950448 0.702182934272422 1 0.971926961940258
"5" 5 0.522451755176698 1 0.948020259708239 0.773668569021576
"6" 6 0.556637054517173 0.755999997074961 1 0.976150792260096
"7" 7 0.637604329183817 0.708311234173302 1 0.939563178265395
"8" 8 0.601909189673744 1 0.925996250887428 0.791055272044968
"9" 9 0.570219317087319 1 1 0.846052181185703
"10" 10 0.494638792893943 0.70407262962246 0.94556002788334 0.861459994059791
"11" 11 0.446087696672503 0.989804403472545 0.979762560257125 0.754484185123273
"12" 12 0.615135265902466 1 1 0.900349475941273
"13" 13 0.602826869421254 1 1 0.886682722138152
"14" 14 0.546712033532242 0.756268414482797 0.945103659810783 0.864935935649263
"15" 15 0.632448544506953 1 1 0.88640659963852
"16" 16 0.581495749586629 0.758145235529995 1 0.909706082117335
"17" 17 0.596288558048195 0.755999997074961 0.945103659810783 0.874700540050189
"18" 18 0.632954912685177 1 0.923379209718604 0.74664118061376
"19" 19 0.449118834881281 0.708311234173302 0.987843627543599 0.855537807525112
"20" 20 0.636579277896868 1 1 0.962068931989626
"21" 21 0.594695064012316 1 1 0.842342243434739
"22" 22 0.589437297436606 0.714214739521887 0.988277722032454 0.935593883894964
"23" 23 0.665019913835138 1 0.94556002788334 0.769539676149131
"24" 24 0.545080938623564 1 1 0.904683878271885
"25" 25 0.563097856156192 1 1 0.857136497091649
"26" 26 0.543860221855507 0.760285682194417 1 0.957798908156691
"27" 27 0.488169260654583 1 0.947018788646571 0.832287553046936
"28" 28 0.602748359086975 1 1 0.983842782723346
"29" 29 0.643756879485321 1 0.960494497515364 0.881036468019585
"30" 30 0.461243562467328 0.703033745487175 0.945103659810783 0.74789856436867
"31" 31 0.422592703769168 1 0.953424177637021 0.869517476139594
"32" 32 0.497560486729116 1 1 0.837277910023194
"33" 33 0.630960597393866 1 1 0.851538986711793
"34" 34 0.64004042951202 1 0.945103659810783 0.795509729251542
"35" 35 0.593910801061144 0.647060115061497 0.994073106268061 0.936073371711352
"36" 36 0.637592471565149 0.751248466841886 0.943550204798582 0.767373781415469
"37" 37 0.594666867649545 1 0.950564227346926 0.826321174762779
"38" 38 0.63983915279768 1 0.950564227346926 0.849152365034042
"39" 39 0.643054809020235 0.756715609974051 1 0.931925609146725
"40" 40 0.604319842031094 1 1 0.94225048363588
"41" 41 0.643054809020235 0.763132184891996 1 0.886349643321692
"42" 42 0.599716925975154 0.756715609974051 1 0.946380227240097
"43" 43 0.569853015818901 0.701047376421835 0.94556002788334 0.868041972559865
"44" 44 0.490044932820392 1 1 0.925019757185951
"45" 45 0.596288558048195 1 1 0.916945611790118
"46" 46 0.580389997240501 1 0.953824048623665 0.90553686318096
"47" 47 0.594695064012316 0.756715609974051 1 0.889493470114136
"48" 48 0.447675752501941 0.755910507913164 0.973833625361097 0.822459920929421
"49" 49 0.602748359086975 0.708311234173302 1 0.905156338982744
"50" 50 0.446462965675295 0.757341333510977 1 0.906346636500826
"51" 51 0.440006201849127 1 1 0.858573647136856
"52" 52 0.530479941418016 1 0.94556002788334 0.803824127694918
"53" 53 0.616950738841772 0.712063604383012 1 0.956366104454096
"54" 54 0.585160508092765 0.763132184891996 1 0.819755801478803
"55" 55 0.564016790951157 0.755999997074961 0.94556002788334 0.774418835036713
"56" 56 0.57568829671635 0.755999997074961 1 0.820250557441955
"57" 57 0.555617505984871 1 1 0.957327672742088
"58" 58 0.542503759843214 1 1 0.957062557590335
"59" 59 0.508731000554231 1 1 0.858568092109725
"60" 60 0.577134858162453 1 1 0.908640886824965
"61" 61 0.599729602960283 1 0.881397096854869 0.760315279600945
"62" 62 0.643756879485321 0.756268414482797 0.953824048623665 0.900700109408486
"63" 63 0.600402699597446 1 0.89783197535476 0.837127455898666
"64" 64 0.42573205249297 1 1 0.920386479385965
"65" 65 0.618365153711887 1 1 0.919809368908676
"66" 66 0.555618276956443 0.703033745487175 0.843922930881989 0.733763703871665
"67" 67 0.642251848168813 1 1 0.925794372811059
"68" 68 0.627224275871055 0.756268414482797 1 0.94428988460483
"69" 69 0.579613261536976 1 0.94482972331597 0.903594617791628
"70" 70 0.651121958090997 0.756268414482797 1 0.875564072526932
"71" 71 0.409329855062643 1 1 0.893350587244693
"72" 72 0.601609353078284 0.991526619240723 1 0.910907816564284
"73" 73 0.646060269866438 1 0.994073106268061 0.88806288954395
"74" 74 0.472891070786389 1 0.947018788646571 0.859060242733643
"75" 75 0.439848540226193 0.750991707296306 0.989825225539557 0.880260134191889
"76" 76 0.618968999502592 0.702182934272422 1 0.944556827334483
"77" 77 0.633892172737653 0.757341333510977 1 0.92525322556382
"78" 78 0.640945682185035 1 0.945103659810783 0.858572648068708
"79" 79 0.522592027625144 1 0.782934081814695 0.556355067360071
"80" 80 0.581101372049317 0.702182934272422 1 0.943271095949461
"81" 81 0.523742464284828 1 1 0.958063763053463
"82" 82 0.640141052937785 1 0.991526619240723 0.842101814713595
"83" 83 0.654130773947541 1 0.92953546437536 0.745737621394448
"84" 84 0.625052909788027 0.755910507913164 1 0.880762426154918
"85" 85 0.640543447132592 1 0.988277722032454 0.882972735349729
"86" 86 0.614842224261992 1 1 0.852763342907374
"87" 87 0.627306502906233 0.755999997074961 1 0.914232764848068
"88" 88 0.54221980685877 1 0.977094084662214 0.897774112846616
"89" 89 0.449118834881281 0.81025951837319 1 0.961382570628223
"90" 90 0.581378700930013 0.989804403472545 0.950564227346926 0.880264904756156
"91" 91 0.661962901987879 1 1 0.936117943361405
"92" 92 0.677107527727512 0.758145235529995 1 0.886349643321692
"93" 93 0.434130006678392 0.989804403472545 1 0.931518330846227
"94" 94 0.63983915279768 0.755999997074961 1 0.822512427579406
"95" 95 0.498051066895206 0.703033745487175 0.957791572899944 0.866762432128219
"96" 96 0.646160298757472 1 1 0.906844705618049
"97" 97 0.616133332752293 1 0.94556002788334 0.824558126232659
"98" 98 0.621419244211701 0.72175307439292 1 0.916882312661021
"99" 99 0.597635684330018 0.756715609974051 1 0.872228324705221
"100" 100 0.531222479677206 1 0.952105125043712 0.768233312036077
